13519
2073
2275
2651
2789
3224
3551
3903
3988
4315
4377
4746
5150
5266
5565
5494
5712
5660
5855
5688
5902
5900
6109
6086
6194
6537
6760
6897
7391
7044
7175
8089
8026
7955
7961
7993
8172
7550
7441
7096
6906
6700
6430
6441
5935
5747
5546
5362
5549
5332
5326
5398
5254
5367
5105
5380
4714
4682
4802
4649
4271
4008
4145
3942
4003
3914
4060
3830
3876
3491
3587
3460
3401
3317
3429
3229
3400
3280
3297
3385
3305
3430
3511
3528
3570
3496
3882
3767
3969
3994
3737
3882
3708
3804
3873
3662
3581
3693
3452
3361
3209
3114
2863
2834
2778
2710
2747
2535
2670
2531
2462
2461
2395
2436
2477
2556
2734
2445
2525
2665
2553
2553
2533
2561
2646
2727
2667
2725
2845
2915
3183
3205
3196
3486
3610
3447
3808
3978
3813
3905
3975
4043
3897
3863
3838
3752
4065
4245
4645
4717
4668
4713
4480
4649
4537
4740
4741
5191
4976
5088
5100
5218
5165
4985
5261
5593
5517
5628
5291
5733
5431
5158
5245
4991
5143
5360
5285
5029
4901
5055
4958
4645
4645
4590
4858
4640
4593
4584
4158
3776
3803
3972
3871
3779
3736
3867
3919
3893
4070
4031
4207
4065
4328
4013
3974
4200
3567
3678
3467
3406
3095
3304
3350
3332
3360
3162
3385
3291
3478
3325
3326
3023
2679
2612
2317
2073
1909
1733
2143
1629
1861
1952
1687
1432
1842
1369
863
585
634
277
232
268
252
229
219
262
247
206
94
268
51
270
39
162
49
182