1402
455
537
542
568
729
982
1698
2526
3181
4103
5122
6952
6172
5733
6434
6989
6831
6466
6132
5718
5582
5467
5619
5326
4829
4489
4610
5338
5915
5924
6050
5812
5686
5954
5841
6091
6261
6438
6540
6523
6603
6894
7153
7291
7086
6943
7128
7172
7250
7211
7180
7070
7135
7308
7146
7081
7301
7147
7161
7432
7386
7211
7372
7300
7267
7101
6953
7038
6814
6815
6815
6685
6620
6330
6269
6313
6201
6079
5945
5956
5904
5758
5560
5606
5507
5618
5480
5468
5392
5318
5227
5074
4975
4728
4633
4775
4568
4754
4552
4572
4571
4478
4510
4436
4275
4364
4093
4145
3960
3883
3778
3887
3866
3893
3975
3998
4201
3883
3955
4067
4148
4026
4457
4416
4377
4287
4091
4331
4167
4095
4270
4052
4180
4022
4158
4302
4213
3948
3916
3786
3859
3726
3743
3631
3542
3376
3263
3295
3284
3238
3121
3074
3069
2866
2862
2743
2876
2789
2918
2912
2586
2475
2323
2306
2125
2099
2061
1962
2081
2099
1953
1720
1791
1744
1805
1801
1693
1791
1713
1726
1955
1953
1940
1930
1988
2230
2248
2019
2007
1940
2110
2054
1977
1904
1844
2000
1875
1817
1662
1594
1652
1745
1684
1645
1741
1925
2031
2173
2168
2474
2626
2759
2413
2019
2152
2027
1794
2327
2361
2491
2561
2201
1828
1664
1458
1609
1685
1816
1832
1825
1848
1963
2147
2008
2077
1892
1940
2068
2401
2164
2477
2295
2511
2901
3220
2831
2822
2273
2254
1775
1751
1589
2059
2284
3018