130
78
180
221
299
408
497
753
759
1082
1304
1463
1470
1519
1584
1652
1661
1618
1773
1958
2151
2270
2356
2594
2962
3052
3045
3614
3989
4627
5258
5689
6810
7679
8594
8551
8919
7669
7489
7130
7306
7006
6945
6237
6034
5958
6126
6096
6267
6436
6081
6038
5466
5503
5664
5617
5623
5717
5891
6050
6066
5888
5918
5691
5165
5116
5059
5392
5117
5112
5027
5015
5209
5249
5067
4779
4790
4662
4683
4687
4469
4453
4533
4589
4524
4808
4549
4533
4615
4442
4397
4275
4396
4373
4386
4373
4309
4226
4195
4150
4170
3824
3922
3717
3901
3873
3998
3924
3845
3689
3626
3768
3748
3592
3610
3765
3676
3677
3695
3587
3634
3640
3575
3658
3937
3761
3648
3514
3784
3674
3608
3659
3620
3708
3591
3664
3794
3939
4044
4100
3980
3871
4105
4135
4071
3985
3584
3545
3191
3126
2893
2911
2927
2841
2751
2993
3068
2946
2890
2826
2848
2942
2973
2726
2835
2947
3016
2958
3044
3088
2914
2932
2713
2838
2906
2880
2856
2774
2853
2989
2923
2756
2669
2654
2703
2563
2872
2747
2876
2713
2710
2727
2627
2675
2662
2755
2617
2645
2712
2636
2904
2605
2632
2574
2674
2508
2533
2399
2342
2233
2260
2307
2249
2259
2205
2215
2217
2391
2230
2227
2239
2296
2396
2401
2334
2307
2440
2377
2481
2222
2313
2273
2425
2376
2284
2592
2589
2723
2719
2793
2879
2913
3165
3175
3405
3585
3799
4017
4558
5277
6686
8626
12044
15454
19146
36450